.Random.seed <-
c(403L, 28L, 201974069L, -43286324L, -1939371486L, 477734013L, 
-696763017L, -1001180514L, -1339170472L, 1210644667L, 1613596249L, 
-1448036888L, 1806692374L, 81034129L, 1791820867L, 1849260882L, 
1262346212L, -1883013593L, -851356035L, -1048197260L, -39240870L, 
984780197L, -1780471361L, 835027526L, 749768912L, 1439476467L, 
-334754799L, 1947466304L, 1823366686L, -1591379735L, -1288152549L, 
1827277354L, -441164468L, -714998001L, -1221385659L, -2071510020L, 
-1795278254L, -1106106419L, 1471959431L, 304604270L, -2053653432L, 
672867915L, -2010768471L, 616174328L, 482424358L, 211300161L, 
160691411L, -1766696830L, -653273420L, 934416951L, 254794029L, 
1711651396L, -1115732118L, 117494741L, 1728669039L, -816734090L, 
-1387082848L, 863693923L, -355804927L, -1269115792L, -2111221746L, 
243126393L, -1586130933L, -333749958L, -709590980L, 1997334399L, 
-1853424427L, -851844884L, -1450730942L, -974963299L, -190871529L, 
1812729214L, -1179094216L, -492278757L, -215607943L, 651314120L, 
-583077898L, -728559055L, -562830237L, -688337870L, 2021673348L, 
-997822521L, 1451483805L, 1685324308L, 392491194L, 841178373L, 
-459282721L, 91908966L, -1232008464L, 1997330963L, 1937290161L, 
1384636000L, 1284770814L, 1438872457L, 470144187L, 1067323530L, 
-491621524L, -1961674513L, 1381028645L, -1255580196L, -430961742L, 
1839821485L, 1804601959L, 1811700110L, 1622060648L, -1584186773L, 
1883706377L, 123488920L, 841657798L, 267775265L, -286425677L, 
-992544478L, 1575170836L, -780653673L, -409652339L, -271667548L, 
-1684471670L, 1732339445L, 558848335L, -877373866L, -685069056L, 
1438873667L, -898393119L, 979747664L, -1834551890L, -1029858471L, 
1193988459L, 500439258L, 105435548L, 1858780575L, -1184600075L, 
1786355340L, -1784939678L, 1798771517L, 433841079L, -489396130L, 
-1633319528L, 744501499L, -1518916455L, 1527115048L, -1619452970L, 
-203956143L, -589884669L, -1738005870L, 1534988324L, -1089569049L, 
770134845L, 2060889012L, 1367431194L, -1612305563L, -631704065L, 
1651456134L, -1900813296L, -294136141L, 71550289L, 1948884224L, 
817342430L, -1487510487L, -1573747749L, 494377194L, 1484404364L, 
310208975L, 668589445L, -1336457668L, 1375603474L, 837167117L, 
1785436999L, -576630482L, 1181341832L, -1853784693L, -2000583319L, 
-681973960L, 1795451366L, -22884991L, -1632771821L, -949453118L, 
-1689749132L, 931291511L, -424725907L, -2016756476L, -219801558L, 
-2102856299L, 1368250927L, 56665910L, -1074489504L, 333774243L, 
1664857793L, 461295280L, -806049330L, 2075114809L, 1623011659L, 
1793610490L, 1238516732L, 915383359L, -1637032683L, 889177644L, 
2124114690L, -1424836643L, 15344343L, 1211547070L, -805799944L, 
602010587L, 714329657L, 905025416L, 509830966L, -212773519L, 
1522143139L, -187975950L, 1633451588L, 2075336967L, 135551197L, 
-940077612L, 1918664954L, -269739963L, -1381310305L, 1861093926L, 
-112410960L, 1589093203L, -530624911L, -1061293152L, 1524519742L, 
256129609L, -1455763717L, -2057908534L, -1041559508L, -673519569L, 
880498917L, -165105252L, 754539506L, 607728826L, 1541502608L, 
-217239828L, -756843948L, -391912814L, 2098096416L, -586214964L, 
-1964612896L, 1483784386L, 1431989288L, 359380908L, -547935556L, 
748862450L, -1529301456L, 2363300L, 364170680L, -832489638L, 
529445008L, -1412879492L, -127999724L, -2080077502L, -101453568L, 
1853521340L, -79789744L, -2061739742L, -1501455800L, 348516364L, 
739149404L, -896276014L, -1349806592L, -1883069100L, 261926120L, 
-56987398L, 1594230480L, -1424692436L, 1244770548L, 1405122962L, 
-2035974816L, -2147279860L, -1787274016L, -1507093918L, -418184024L, 
1941314636L, -328284292L, 2105596210L, 1428931184L, -694205628L, 
-890248232L, 585823098L, -345155536L, -176214084L, -931876268L, 
1325043778L, 1721929376L, -203472196L, -635737136L, -1179337374L, 
115347176L, -173708084L, -2142117380L, -984465934L, 1351033984L, 
-879711756L, -858207608L, -1437885638L, 1837305168L, -1234056084L, 
1815795092L, -1520304046L, -1523442208L, -1684319028L, 1015201440L, 
-456494718L, -239965976L, -1467053332L, 1441195324L, -1632022414L, 
1853387376L, 1775204900L, 136685624L, 284715290L, -1074322224L, 
1642522940L, -265563244L, -1003124862L, -322147392L, -558631364L, 
-912088688L, 926529570L, -1968122616L, 1960650892L, -1608782052L, 
1027085458L, -1479846528L, -247644140L, 1893386024L, 649709114L, 
636916176L, -1444333204L, -983514188L, 1308363282L, -234641440L, 
51653068L, 1686010080L, 864209954L, -1211649240L, 2100386316L, 
-365300932L, -70307854L, 557081328L, 1260558916L, 1066221144L, 
-1155877062L, 1537708016L, -2037898564L, -1176308460L, 425508034L, 
43981920L, -329390724L, -110846000L, -1235758814L, -386681176L, 
-1310156916L, 2037867708L, 2069052210L, -1942190528L, 711771316L, 
-186780600L, -533973574L, -1230734832L, -2134598420L, -1358331564L, 
520647442L, 1035267488L, -1075627316L, -1982137760L, -1072508990L, 
-2140081368L, -803407444L, 156228924L, -1015997582L, 1337191728L, 
1194190628L, 264308024L, 1219118810L, -44015728L, 492362492L, 
1582766996L, -496733118L, -408881920L, -1530558404L, 1191296336L, 
1706550434L, -1794462904L, 1206935308L, 1531461340L, -1520783534L, 
-515328384L, 1731524692L, -1979628568L, 384756474L, 131601744L, 
485162796L, -696114316L, 1412146066L, 1368175200L, 567941004L, 
1930049376L, -564591646L, 1406311336L, 188632268L, 3578364L, 
-1974716494L, 1493222896L, -1891998268L, -384878248L, -626061958L, 
281001392L, -1612635204L, 1942425684L, 1052635074L, -1473437664L, 
-1023872836L, -1493362096L, 558311394L, -533430680L, -954905012L, 
-1618022148L, 2032777202L, -27220736L, 1403593588L, -1229185016L, 
-177376838L, -1623433776L, 1470018540L, 213568404L, 1566038994L, 
-1091262624L, -166346420L, -1765854944L, 1035603842L, -1040677144L, 
522705132L, 737957436L, 1977332594L, 157865584L, 114582564L, 
-922194120L, 702634138L, 2089086672L, 1218104508L, 1477708436L, 
-581836158L, -840986432L, -2006350532L, -1109534576L, -254355934L, 
1250652680L, 404126988L, -2070216036L, -1179634158L, 445143424L, 
-2130781676L, 222141992L, 780722490L, 1079716816L, 497503852L, 
-666906141L, 1740220325L, 1290905154L, -1039987664L, 294563929L, 
1911291339L, 1431604796L, -2099785622L, -1994487137L, 2062276393L, 
-21902402L, -346629460L, -1687943171L, -1699745977L, -138932176L, 
485914958L, 1442374011L, 136730333L, 1593757450L, -1024326104L, 
1986203281L, -1659582845L, -1257318524L, -1634185806L, 936338183L, 
-380233391L, -1449656106L, 8687028L, 1788152261L, -1798125297L, 
968488840L, 1272252070L, 1935906387L, 672843701L, 723625234L, 
290045664L, -282688695L, -2059567749L, 1105188940L, -170614310L, 
1337957327L, -78719591L, -514871890L, -1574610244L, -1009222867L, 
200837335L, 993243424L, -1958242690L, -1402478517L, -1473725875L, 
1636051066L, -872687432L, -1698645407L, 415490067L, 1065373236L, 
-768432062L, 1263405143L, 132524961L, 1806978150L, -870988700L, 
843603861L, 2096740543L, 2030651480L, -651404170L, 617014403L, 
1553384645L, 1547338210L, 312125520L, 918624633L, -935387477L, 
1030919708L, 819994954L, 1891643711L, -264005751L, 698636190L, 
355976780L, 1846013981L, 1479319975L, -733920048L, 721823342L, 
-1980137189L, -1507143043L, -1977874326L, -611117816L, 915784113L, 
-1391962589L, 412504868L, -1621117998L, -1159204825L, -653129103L, 
-1276477258L, -1515456428L, -1303779099L, -1822153489L, 580552744L, 
5250182L, -1212762445L, 1991866389L, 1598274162L, -802879808L, 
-844186839L, -1827456613L, -1429553556L, 109109882L, -455089233L, 
-985794887L, -373622578L, -1580764644L, 716937613L, 2138281975L, 
-1908557056L, 1028833630L, 1313505835L, 484093229L, 1666691482L, 
-1326051496L, -795195711L, 994359667L, 1410167444L, -307747038L, 
1763246647L, -708180223L, 1308753414L, 223249476L, -1041877643L, 
-1945413409L, -1831982024L, -2132440042L, 1586998307L, -1166844955L, 
255364610L, -547724176L, -1661627879L, 1624914955L, 585441020L, 
-1678371030L, 1514846559L, -932032279L, 960145406L, 1869638636L, 
1315200829L, 1514881799L, -115991824L, 1137230478L, -82977605L, 
